  -0.99880000   1.01140000 -167.71297511 
  -0.99880000   1.11509167 -167.79832408 
  -0.99880000   1.21878333 -167.82141632 
  -0.99880000   1.32247500 -167.81271131 
  -0.99880000   1.42616667 -167.78979193 
  -0.99880000   1.52985833 -167.76288578 
  -0.99880000   1.63355000 -167.73944944 
  -0.99880000   1.73724167 -167.72343540 
  -0.99880000   1.84093333 -167.71323981 
  -0.99880000   1.94462500 -167.70704278 
  -0.99880000   2.04831667 -167.70318811 
  -0.99880000   2.15200833 -167.70068341 
  -0.99880000   2.25570000 -167.69894243 
  -0.99880000   2.35939167 -167.69763375 
  -0.99880000   2.46308333 -167.69659525 
  -0.99880000   2.56677500 -167.69573589 
  -0.99880000   2.67046667 -167.69500677 
  -0.99880000   2.77415833 -167.69437446 
  -0.99880000   2.87785000 -167.69383084 
  -0.99880000   2.98154167 -167.69335219 
  -0.99880000   3.08523333 -167.69292379 
  -0.99880000   3.18892500 -167.69259638 
  -0.99880000   3.29261667 -167.69228928 
  -0.99880000   3.39630833 -167.69201255 
  -0.99880000   3.50000000 -167.69177734 
  -1.10301667   1.01140000 -167.80003106 
  -1.10301667   1.11509167 -167.87929214 
  -1.10301667   1.21878333 -167.89710736 
  -1.10301667   1.32247500 -167.88364964 
  -1.10301667   1.42616667 -167.85619313 
  -1.10301667   1.52985833 -167.82483725 
  -1.10301667   1.63355000 -167.79856584 
  -1.10301667   1.73724167 -167.78044232 
  -1.10301667   1.84093333 -167.76894929 
  -1.10301667   1.94462500 -167.76224930 
  -1.10301667   2.04831667 -167.75825245 
  -1.10301667   2.15200833 -167.75590914 
  -1.10301667   2.25570000 -167.75445744 
  -1.10301667   2.35939167 -167.75346767 
  -1.10301667   2.46308333 -167.75275646 
  -1.10301667   2.56677500 -167.75218365 
  -1.10301667   2.67046667 -167.75170127 
  -1.10301667   2.77415833 -167.75127664 
  -1.10301667   2.87785000 -167.75097578 
  -1.10301667   2.98154167 -167.75063116 
  -1.10301667   3.08523333 -167.75031395 
  -1.10301667   3.18892500 -167.75003935 
  -1.10301667   3.29261667 -167.74980084 
  -1.10301667   3.39630833 -167.74959125 
  -1.10301667   3.50000000 -167.74940834 
  -1.20723333   1.01140000 -167.82731060 
  -1.20723333   1.11509167 -167.90168477 
  -1.20723333   1.21878333 -167.91496076 
  -1.20723333   1.32247500 -167.89728393 
  -1.20723333   1.42616667 -167.86585106 
  -1.20723333   1.52985833 -167.83050908 
  -1.20723333   1.63355000 -167.80071413 
  -1.20723333   1.73724167 -167.77974551 
  -1.20723333   1.84093333 -167.76624294 
  -1.20723333   1.94462500 -167.75813852 
  -1.20723333   2.04831667 -167.75346634 
  -1.20723333   2.15200833 -167.75087921 
  -1.20723333   2.25570000 -167.74937016 
  -1.20723333   2.35939167 -167.74837110 
  -1.20723333   2.46308333 -167.74774736 
  -1.20723333   2.56677500 -167.74747095 
  -1.20723333   2.67046667 -167.74692208 
  -1.20723333   2.77415833 -167.74673397 
  -1.20723333   2.87785000 -167.74642493 
  -1.20723333   2.98154167 -167.74614480 
  -1.20723333   3.08523333 -167.74589160 
  -1.20723333   3.18892500 -167.74567046 
  -1.20723333   3.29261667 -167.74547870 
  -1.20723333   3.39630833 -167.74531081 
  -1.20723333   3.50000000 -167.74516393 
  -1.31145000   1.01140000 -167.82540920 
  -1.31145000   1.11509167 -167.89632581 
  -1.31145000   1.21878333 -167.90605456 
  -1.31145000   1.32247500 -167.88481219 
  -1.31145000   1.42616667 -167.84982244 
  -1.31145000   1.52985833 -167.81083380 
  -1.31145000   1.63355000 -167.77723673 
  -1.31145000   1.73724167 -167.75272169 
  -1.31145000   1.84093333 -167.73656638 
  -1.31145000   1.94462500 -167.72651563 
  -1.31145000   2.04831667 -167.72064351 
  -1.31145000   2.15200833 -167.71732116 
  -1.31145000   2.25570000 -167.71546937 
  -1.31145000   2.35939167 -167.71435029 
  -1.31145000   2.46308333 -167.71368668 
  -1.31145000   2.56677500 -167.71347544 
  -1.31145000   2.67046667 -167.71288409 
  -1.31145000   2.77415833 -167.71277018 
  -1.31145000   2.87785000 -167.71250361 
  -1.31145000   2.98154167 -167.71226165 
  -1.31145000   3.08523333 -167.71204631 
  -1.31145000   3.18892500 -167.71186059 
  -1.31145000   3.29261667 -167.71170134 
  -1.31145000   3.39630833 -167.71156430 
  -1.31145000   3.50000000 -167.71144505 
  -1.41566667   1.01140000 -167.80950250 
  -1.41566667   1.11509167 -167.87845572 
  -1.41566667   1.21878333 -167.88587085 
  -1.41566667   1.32247500 -167.86199684 
  -1.41566667   1.42616667 -167.82407873 
  -1.41566667   1.52985833 -167.78204116 
  -1.41566667   1.63355000 -167.74486120 
  -1.41566667   1.73724167 -167.71722293 
  -1.41566667   1.84093333 -167.69796411 
  -1.41566667   1.94462500 -167.68557852 
  -1.41566667   2.04831667 -167.67802532 
  -1.41566667   2.15200833 -167.67351731 
  -1.41566667   2.25570000 -167.67091622 
  -1.41566667   2.35939167 -167.66936519 
  -1.41566667   2.46308333 -167.66841178 
  -1.41566667   2.56677500 -167.66800022 
  -1.41566667   2.67046667 -167.66731006 
  -1.41566667   2.77415833 -167.66698512 
  -1.41566667   2.87785000 -167.66673174 
  -1.41566667   2.98154167 -167.66651507 
  -1.41566667   3.08523333 -167.66632273 
  -1.41566667   3.18892500 -167.66616093 
  -1.41566667   3.29261667 -167.66604309 
  -1.41566667   3.39630833 -167.66593062 
  -1.41566667   3.50000000 -167.66582670 
  -1.51988333   1.01140000 -167.78725160 
  -1.51988333   1.11509167 -167.85538593 
  -1.51988333   1.21878333 -167.86155544 
  -1.51988333   1.32247500 -167.83599202 
  -1.51988333   1.42616667 -167.79605264 
  -1.51988333   1.52985833 -167.75177148 
  -1.51988333   1.63355000 -167.71204233 
  -1.51988333   1.73724167 -167.68201901 
  -1.51988333   1.84093333 -167.66100974 
  -1.51988333   1.94462500 -167.64718727 
  -1.51988333   2.04831667 -167.63851646 
  -1.51988333   2.15200833 -167.63331558 
  -1.51988333   2.25570000 -167.63007207 
  -1.51988333   2.35939167 -167.62794534 
  -1.51988333   2.46308333 -167.62668930 
  -1.51988333   2.56677500 -167.62587489 
  -1.51988333   2.67046667 -167.62554065 
  -1.51988333   2.77415833 -167.62506575 
  -1.51988333   2.87785000 -167.62471397 
  -1.51988333   2.98154167 -167.62443528 
  -1.51988333   3.08523333 -167.62420487 
  -1.51988333   3.18892500 -167.62401820 
  -1.51988333   3.29261667 -167.62386715 
  -1.51988333   3.39630833 -167.62374469 
  -1.51988333   3.50000000 -167.62364169 
  -1.62410000   1.01140000 -167.76276856 
  -1.62410000   1.11509167 -167.83083201 
  -1.62410000   1.21878333 -167.83650923 
  -1.62410000   1.32247500 -167.81003392 
  -1.62410000   1.42616667 -167.76882821 
  -1.62410000   1.52985833 -167.72314104 
  -1.62410000   1.63355000 -167.68209305 
  -1.62410000   1.73724167 -167.65108747 
  -1.62410000   1.84093333 -167.62945784 
  -1.62410000   1.94462500 -167.61517302 
  -1.62410000   2.04831667 -167.60608887 
  -1.62410000   2.15200833 -167.60048284 
  -1.62410000   2.25570000 -167.59696761 
  -1.62410000   2.35939167 -167.59490503 
  -1.62410000   2.46308333 -167.59340075 
  -1.62410000   2.56677500 -167.59250434 
  -1.62410000   2.67046667 -167.59187946 
  -1.62410000   2.77415833 -167.59143456 
  -1.62410000   2.87785000 -167.59122596 
  -1.62410000   2.98154167 -167.59095143 
  -1.62410000   3.08523333 -167.59072135 
  -1.62410000   3.18892500 -167.59053867 
  -1.62410000   3.29261667 -167.59039353 
  -1.62410000   3.39630833 -167.59027839 
  -1.62410000   3.50000000 -167.59018216 
  -1.72831667   1.01140000 -167.73867725 
  -1.72831667   1.11509167 -167.80711957 
  -1.72831667   1.21878333 -167.81271446 
  -1.72831667   1.32247500 -167.78586497 
  -1.72831667   1.42616667 -167.74402947 
  -1.72831667   1.52985833 -167.69764346 
  -1.72831667   1.63355000 -167.65628102 
  -1.72831667   1.73724167 -167.62524618 
  -1.72831667   1.84093333 -167.60356483 
  -1.72831667   1.94462500 -167.58921586 
  -1.72831667   2.04831667 -167.58000186 
  -1.72831667   2.15200833 -167.57422007 
  -1.72831667   2.25570000 -167.57060557 
  -1.72831667   2.35939167 -167.56833918 
  -1.72831667   2.46308333 -167.56689333 
  -1.72831667   2.56677500 -167.56596811 
  -1.72831667   2.67046667 -167.56533080 
  -1.72831667   2.77415833 -167.56488261 
  -1.72831667   2.87785000 -167.56456341 
  -1.72831667   2.98154167 -167.56432137 
  -1.72831667   3.08523333 -167.56417635 
  -1.72831667   3.18892500 -167.56401073 
  -1.72831667   3.29261667 -167.56387516 
  -1.72831667   3.39630833 -167.56377168 
  -1.72831667   3.50000000 -167.56368533 
  -1.83253333   1.01140000 -167.71848065 
  -1.83253333   1.11509167 -167.78733526 
  -1.83253333   1.21878333 -167.79304049 
  -1.83253333   1.32247500 -167.76603917 
  -1.83253333   1.42616667 -167.72410008 
  -1.83253333   1.52985833 -167.67773796 
  -1.83253333   1.63355000 -167.63689462 
  -1.83253333   1.73724167 -167.60614296 
  -1.83253333   1.84093333 -167.58440074 
  -1.83253333   1.94462500 -167.56983195 
  -1.83253333   2.04831667 -167.56044347 
  -1.83253333   2.15200833 -167.55450282 
  -1.83253333   2.25570000 -167.55078886 
  -1.83253333   2.35939167 -167.54847594 
  -1.83253333   2.46308333 -167.54700482 
  -1.83253333   2.56677500 -167.54606609 
  -1.83253333   2.67046667 -167.54543281 
  -1.83253333   2.77415833 -167.54498551 
  -1.83253333   2.87785000 -167.54467238 
  -1.83253333   2.98154167 -167.54443812 
  -1.83253333   3.08523333 -167.54424818 
  -1.83253333   3.18892500 -167.54412885 
  -1.83253333   3.29261667 -167.54401168 
  -1.83253333   3.39630833 -167.54391515 
  -1.83253333   3.50000000 -167.54384065 
  -1.93675000   1.01140000 -167.70942971 
  -1.93675000   1.11509167 -167.77691401 
  -1.93675000   1.21878333 -167.78160239 
  -1.93675000   1.32247500 -167.75412274 
  -1.93675000   1.42616667 -167.71187462 
  -1.93675000   1.52985833 -167.66540272 
  -1.93675000   1.63355000 -167.62493971 
  -1.93675000   1.73724167 -167.59423061 
  -1.93675000   1.84093333 -167.57227151 
  -1.93675000   1.94462500 -167.55729441 
  -1.93675000   2.04831667 -167.54752061 
  -1.93675000   2.15200833 -167.54130831 
  -1.93675000   2.25570000 -167.53746257 
  -1.93675000   2.35939167 -167.53506389 
  -1.93675000   2.46308333 -167.53355576 
  -1.93675000   2.56677500 -167.53258908 
  -1.93675000   2.67046667 -167.53193897 
  -1.93675000   2.77415833 -167.53147775 
  -1.93675000   2.87785000 -167.53116365 
  -1.93675000   2.98154167 -167.53093102 
  -1.93675000   3.08523333 -167.53074620 
  -1.93675000   3.18892500 -167.53059506 
  -1.93675000   3.29261667 -167.53049989 
  -1.93675000   3.39630833 -167.53041764 
  -1.93675000   3.50000000 -167.53034538 
  -2.04096667   1.01140000 -167.70935716 
  -2.04096667   1.11509167 -167.77413554 
  -2.04096667   1.21878333 -167.77692410 
  -2.04096667   1.32247500 -167.74824091 
  -2.04096667   1.42616667 -167.70529136 
  -2.04096667   1.52985833 -167.65843361 
  -2.04096667   1.63355000 -167.61796894 
  -2.04096667   1.73724167 -167.58721089 
  -2.04096667   1.84093333 -167.56491524 
  -2.04096667   1.94462500 -167.54953402 
  -2.04096667   2.04831667 -167.53942688 
  -2.04096667   2.15200833 -167.53297279 
  -2.04096667   2.25570000 -167.52895258 
  -2.04096667   2.35939167 -167.52645279 
  -2.04096667   2.46308333 -167.52487617 
  -2.04096667   2.56677500 -167.52388367 
  -2.04096667   2.67046667 -167.52321629 
  -2.04096667   2.77415833 -167.52271848 
  -2.04096667   2.87785000 -167.52239262 
  -2.04096667   2.98154167 -167.52215433 
  -2.04096667   3.08523333 -167.52196759 
  -2.04096667   3.18892500 -167.52181297 
  -2.04096667   3.29261667 -167.52170727 
  -2.04096667   3.39630833 -167.52162567 
  -2.04096667   3.50000000 -167.52155660 
  -2.14518333   1.01140000 -167.71123883 
  -2.14518333   1.11509167 -167.77438136 
  -2.14518333   1.21878333 -167.77558299 
  -2.14518333   1.32247500 -167.74567731 
  -2.14518333   1.42616667 -167.70187778 
  -2.14518333   1.52985833 -167.65439932 
  -2.14518333   1.63355000 -167.61388527 
  -2.14518333   1.73724167 -167.58300133 
  -2.14518333   1.84093333 -167.56044212 
  -2.14518333   1.94462500 -167.54472848 
  -2.14518333   2.04831667 -167.53433537 
  -2.14518333   2.15200833 -167.52767831 
  -2.14518333   2.25570000 -167.52351376 
  -2.14518333   2.35939167 -167.52091805 
  -2.14518333   2.46308333 -167.51927769 
  -2.14518333   2.56677500 -167.51823547 
  -2.14518333   2.67046667 -167.51754013 
  -2.14518333   2.77415833 -167.51703581 
  -2.14518333   2.87785000 -167.51668852 
  -2.14518333   2.98154167 -167.51644062 
  -2.14518333   3.08523333 -167.51624783 
  -2.14518333   3.18892500 -167.51608770 
  -2.14518333   3.29261667 -167.51596884 
  -2.14518333   3.39630833 -167.51588462 
  -2.14518333   3.50000000 -167.51581577 
  -2.24940000   1.01140000 -167.71293421 
  -2.24940000   1.11509167 -167.77520008 
  -2.24940000   1.21878333 -167.77539738 
  -2.24940000   1.32247500 -167.74456130 
  -2.24940000   1.42616667 -167.70006279 
  -2.24940000   1.52985833 -167.65205574 
  -2.24940000   1.63355000 -167.61142472 
  -2.24940000   1.73724167 -167.58039204 
  -2.24940000   1.84093333 -167.55762545 
  -2.24940000   1.94462500 -167.54166277 
  -2.24940000   2.04831667 -167.53105636 
  -2.24940000   2.15200833 -167.52423339 
  -2.24940000   2.25570000 -167.51995194 
  -2.24940000   2.35939167 -167.51728035 
  -2.24940000   2.46308333 -167.51558856 
  -2.24940000   2.56677500 -167.51450036 
  -2.24940000   2.67046667 -167.51377628 
  -2.24940000   2.77415833 -167.51325582 
  -2.24940000   2.87785000 -167.51289665 
  -2.24940000   2.98154167 -167.51263844 
  -2.24940000   3.08523333 -167.51243398 
  -2.24940000   3.18892500 -167.51226624 
  -2.24940000   3.29261667 -167.51213656 
  -2.24940000   3.39630833 -167.51204733 
  -2.24940000   3.50000000 -167.51197546 
  -2.35361667   1.01140000 -167.71414038 
  -2.35361667   1.11509167 -167.77590023 
  -2.35361667   1.21878333 -167.77552542 
  -2.35361667   1.32247500 -167.74403252 
  -2.35361667   1.42616667 -167.69902776 
  -2.35361667   1.52985833 -167.65055700 
  -2.35361667   1.63355000 -167.63267376 
  -2.35361667   1.73724167 -167.60140535 
  -2.35361667   1.84093333 -167.57657527 
  -2.35361667   1.94462500 -167.55720660 
  -2.35361667   2.04831667 -167.54295725 
  -2.35361667   2.15200833 -167.53302887 
  -2.35361667   2.25570000 -167.52632291 
  -2.35361667   2.35939167 -167.52178050 
  -2.35361667   2.46308333 -167.51865330 
  -2.35361667   2.56677500 -167.51644621 
  -2.35361667   2.67046667 -167.51484354 
  -2.35361667   2.77415833 -167.51364791 
  -2.35361667   2.87785000 -167.51273465 
  -2.35361667   2.98154167 -167.51202949 
  -2.35361667   3.08523333 -167.51147111 
  -2.35361667   3.18892500 -167.51100880 
  -2.35361667   3.29261667 -167.51063236 
  -2.35361667   3.39630833 -167.51034217 
  -2.35361667   3.50000000 -167.51012182 
  -2.45783333   1.01140000 -167.71490397 
  -2.45783333   1.11509167 -167.77638487 
  -2.45783333   1.21878333 -167.77563541 
  -2.45783333   1.32247500 -167.74375145 
  -2.45783333   1.42616667 -167.69838092 
  -2.45783333   1.52985833 -167.64897551 
  -2.45783333   1.63355000 -167.63370833 
  -2.45783333   1.73724167 -167.60224080 
  -2.45783333   1.84093333 -167.57709606 
  -2.45783333   1.94462500 -167.55731313 
  -2.45783333   2.04831667 -167.54253909 
  -2.45783333   2.15200833 -167.53218963 
  -2.45783333   2.25570000 -167.52517498 
  -2.45783333   2.35939167 -167.52041243 
  -2.45783333   2.46308333 -167.51713154 
  -2.45783333   2.56677500 -167.51481684 
  -2.45783333   2.67046667 -167.51313803 
  -2.45783333   2.77415833 -167.51188813 
  -2.45783333   2.87785000 -167.51093657 
  -2.45783333   2.98154167 -167.51020520 
  -2.45783333   3.08523333 -167.50962680 
  -2.45783333   3.18892500 -167.50915068 
  -2.45783333   3.29261667 -167.50876400 
  -2.45783333   3.39630833 -167.50846728 
  -2.45783333   3.50000000 -167.50824232 
  -2.56205000   1.01140000 -167.63289267 
  -2.56205000   1.11509167 -167.72716212 
  -2.56205000   1.21878333 -167.75240860 
  -2.56205000   1.32247500 -167.74076639 
  -2.56205000   1.42616667 -167.71055443 
  -2.56205000   1.52985833 -167.67234748 
  -2.56205000   1.63355000 -167.63439500 
  -2.56205000   1.73724167 -167.60279013 
  -2.56205000   1.84093333 -167.57741964 
  -2.56205000   1.94462500 -167.55731846 
  -2.56205000   2.04831667 -167.54218368 
  -2.56205000   2.15200833 -167.53153688 
  -2.56205000   2.25570000 -167.52430691 
  -2.56205000   2.35939167 -167.51939293 
  -2.56205000   2.46308333 -167.51600874 
  -2.56205000   2.56677500 -167.51362324 
  -2.56205000   2.67046667 -167.51189511 
  -2.56205000   2.77415833 -167.51061062 
  -2.56205000   2.87785000 -167.50963505 
  -2.56205000   2.98154167 -167.50888754 
  -2.56205000   3.08523333 -167.50829688 
  -2.56205000   3.18892500 -167.50781237 
  -2.56205000   3.29261667 -167.50741967 
  -2.56205000   3.39630833 -167.50711928 
  -2.56205000   3.50000000 -167.50689183 
  -2.66626667   1.01140000 -167.63347946 
  -2.66626667   1.11509167 -167.72776014 
  -2.66626667   1.21878333 -167.75299123 
  -2.66626667   1.32247500 -167.74131098 
  -2.66626667   1.42616667 -167.71106082 
  -2.66626667   1.52985833 -167.67281013 
  -2.66626667   1.63355000 -167.63480578 
  -2.66626667   1.73724167 -167.60310785 
  -2.66626667   1.84093333 -167.57758207 
  -2.66626667   1.94462500 -167.55725639 
  -2.66626667   2.04831667 -167.54186864 
  -2.66626667   2.15200833 -167.53100474 
  -2.66626667   2.25570000 -167.52362353 
  -2.66626667   2.35939167 -167.51860480 
  -2.66626667   2.46308333 -167.51515072 
  -2.66626667   2.56677500 -167.51271833 
  -2.66626667   2.67046667 -167.51095814 
  -2.66626667   2.77415833 -167.50965151 
  -2.66626667   2.87785000 -167.50866095 
  -2.66626667   2.98154167 -167.50790357 
  -2.66626667   3.08523333 -167.50730536 
  -2.66626667   3.18892500 -167.50681570 
  -2.66626667   3.29261667 -167.50641943 
  -2.66626667   3.39630833 -167.50611700 
  -2.66626667   3.50000000 -167.50588815 
  -2.77048333   1.01140000 -167.63382167 
  -2.77048333   1.11509167 -167.72810633 
  -2.77048333   1.21878333 -167.75332363 
  -2.77048333   1.32247500 -167.74161992 
  -2.77048333   1.42616667 -167.71134165 
  -2.77048333   1.52985833 -167.67306174 
  -2.77048333   1.63355000 -167.63502567 
  -2.77048333   1.73724167 -167.60326484 
  -2.77048333   1.84093333 -167.57763211 
  -2.77048333   1.94462500 -167.55714920 
  -2.77048333   2.04831667 -167.54158476 
  -2.77048333   2.15200833 -167.53056832 
  -2.77048333   2.25570000 -167.52308266 
  -2.77048333   2.35939167 -167.51799207 
  -2.77048333   2.46308333 -167.51449085 
  -2.77048333   2.56677500 -167.51202729 
  -2.77048333   2.67046667 -167.51024602 
  -2.77048333   2.77415833 -167.50892501 
  -2.77048333   2.87785000 -167.50792486 
  -2.77048333   2.98154167 -167.50716130 
  -2.77048333   3.08523333 -167.50655838 
  -2.77048333   3.18892500 -167.50606552 
  -2.77048333   3.29261667 -167.50566711 
  -2.77048333   3.39630833 -167.50536358 
  -2.77048333   3.50000000 -167.50513398 
  -2.87470000   1.01140000 -167.63401492 
  -2.87470000   1.11509167 -167.72829797 
  -2.87470000   1.21878333 -167.75350438 
  -2.87470000   1.32247500 -167.74178331 
  -2.87470000   1.42616667 -167.71148560 
  -2.87470000   1.52985833 -167.67318668 
  -2.87470000   1.63355000 -167.63513186 
  -2.87470000   1.73724167 -167.60332947 
  -2.87470000   1.84093333 -167.57762343 
  -2.87470000   1.94462500 -167.55702969 
  -2.87470000   2.04831667 -167.54134013 
  -2.87470000   2.15200833 -167.53021618 
  -2.87470000   2.25570000 -167.52265218 
  -2.87470000   2.35939167 -167.51752102 
  -2.87470000   2.46308333 -167.51398948 
  -2.87470000   2.56677500 -167.51150657 
  -2.87470000   2.67046667 -167.50971264 
  -2.87470000   2.77415833 -167.50838331 
  -2.87470000   2.87785000 -167.50737798 
  -2.87470000   2.98154167 -167.50661134 
  -2.87470000   3.08523333 -167.50600614 
  -2.87470000   3.18892500 -167.50551185 
  -2.87470000   3.29261667 -167.50511275 
  -2.87470000   3.39630833 -167.50480913 
  -2.87470000   3.50000000 -167.50457954 
  -2.97891667   1.01140000 -167.63409042 
  -2.97891667   1.11509167 -167.72837151 
  -2.97891667   1.21878333 -167.75357102 
  -2.97891667   1.32247500 -167.74183862 
  -2.97891667   1.42616667 -167.71152870 
  -2.97891667   1.52985833 -167.67321845 
  -2.97891667   1.63355000 -167.63515381 
  -2.97891667   1.73724167 -167.60332474 
  -2.97891667   1.84093333 -167.57756910 
  -2.97891667   1.94462500 -167.55689846 
  -2.97891667   2.04831667 -167.54112163 
  -2.97891667   2.15200833 -167.52992215 
  -2.97891667   2.25570000 -167.52230738 
  -2.97891667   2.35939167 -167.51714506 
  -2.97891667   2.46308333 -167.51359384 
  -2.97891667   2.56677500 -167.51109925 
  -2.97891667   2.67046667 -167.50929837 
  -2.97891667   2.77415833 -167.50796501 
  -2.97891667   2.87785000 -167.50695764 
  -2.97891667   2.98154167 -167.50619020 
  -2.97891667   3.08523333 -167.50558452 
  -2.97891667   3.18892500 -167.50509013 
  -2.97891667   3.29261667 -167.50469137 
  -2.97891667   3.39630833 -167.50438845 
  -2.97891667   3.50000000 -167.50415943 
  -3.08313333   1.01140000 -167.63407944 
  -3.08313333   1.11509167 -167.72835958 
  -3.08313333   1.21878333 -167.75355501 
  -3.08313333   1.32247500 -167.74181542 
  -3.08313333   1.42616667 -167.71149771 
  -3.08313333   1.52985833 -167.67318062 
  -3.08313333   1.63355000 -167.63511090 
  -3.08313333   1.73724167 -167.60326404 
  -3.08313333   1.84093333 -167.57747394 
  -3.08313333   1.94462500 -167.55674903 
  -3.08313333   2.04831667 -167.54091119 
  -3.08313333   2.15200833 -167.52965988 
  -3.08313333   2.25570000 -167.52201173 
  -3.08313333   2.35939167 -167.51682977 
  -3.08313333   2.46308333 -167.51326650 
  -3.08313333   2.56677500 -167.51076502 
  -3.08313333   2.67046667 -167.50896018 
  -3.08313333   2.77415833 -167.50762464 
  -3.08313333   2.87785000 -167.50661634 
  -3.08313333   2.98154167 -167.50584869 
  -3.08313333   3.08523333 -167.50524289 
  -3.08313333   3.18892500 -167.50474863 
  -3.08313333   3.29261667 -167.50435023 
  -3.08313333   3.39630833 -167.50404792 
  -3.08313333   3.50000000 -167.50381934 
  -3.18735000   1.01140000 -167.63403247 
  -3.18735000   1.11509167 -167.72831149 
  -3.18735000   1.21878333 -167.75350348 
  -3.18735000   1.32247500 -167.74175818 
  -3.18735000   1.42616667 -167.71143435 
  -3.18735000   1.52985833 -167.67311207 
  -3.18735000   1.63355000 -167.63503885 
  -3.18735000   1.73724167 -167.60317876 
  -3.18735000   1.84093333 -167.57736311 
  -3.18735000   1.94462500 -167.55659839 
  -3.18735000   2.04831667 -167.54071684 
  -3.18735000   2.15200833 -167.52942940 
  -3.18735000   2.25570000 -167.52175866 
  -3.18735000   2.35939167 -167.51656378 
  -3.18735000   2.46308333 -167.51299265 
  -3.18735000   2.56677500 -167.51048674 
  -3.18735000   2.67046667 -167.50867934 
  -3.18735000   2.77415833 -167.50734232 
  -3.18735000   2.87785000 -167.50633330 
  -3.18735000   2.98154167 -167.50556536 
  -3.18735000   3.08523333 -167.50495926 
  -3.18735000   3.18892500 -167.50446475 
  -3.18735000   3.29261667 -167.50406634 
  -3.18735000   3.39630833 -167.50376418 
  -3.18735000   3.50000000 -167.50353557 
  -3.29156667   1.01140000 -167.63399018 
  -3.29156667   1.11509167 -167.72826702 
  -3.29156667   1.21878333 -167.75345463 
  -3.29156667   1.32247500 -167.74170399 
  -3.29156667   1.42616667 -167.71137442 
  -3.29156667   1.52985833 -167.67304734 
  -3.29156667   1.63355000 -167.63497117 
  -3.29156667   1.73724167 -167.60310131 
  -3.29156667   1.84093333 -167.57726717 
  -3.29156667   1.94462500 -167.55647391 
  -3.29156667   2.04831667 -167.54056097 
  -3.29156667   2.15200833 -167.52924735 
  -3.29156667   2.25570000 -167.52156010 
  -3.29156667   2.35939167 -167.51635588 
  -3.29156667   2.46308333 -167.51277930 
  -3.29156667   2.56677500 -167.51027044 
  -3.29156667   2.67046667 -167.50846135 
  -3.29156667   2.77415833 -167.50712331 
  -3.29156667   2.87785000 -167.50611372 
  -3.29156667   2.98154167 -167.50534540 
  -3.29156667   3.08523333 -167.50473883 
  -3.29156667   3.18892500 -167.50424386 
  -3.29156667   3.29261667 -167.50384514 
  -3.29156667   3.39630833 -167.50354284 
  -3.29156667   3.50000000 -167.50331388 
  -3.39578333   1.01140000 -167.63395028 
  -3.39578333   1.11509167 -167.72822427 
  -3.39578333   1.21878333 -167.75340700 
  -3.39578333   1.32247500 -167.74165146 
  -3.39578333   1.42616667 -167.71131671 
  -3.39578333   1.52985833 -167.67298550 
  -3.39578333   1.63355000 -167.63490712 
  -3.39578333   1.73724167 -167.60303004 
  -3.39578333   1.84093333 -167.57718240 
  -3.39578333   1.94462500 -167.55636859 
  -3.39578333   2.04831667 -167.54043355 
  -3.39578333   2.15200833 -167.52910192 
  -3.39578333   2.25570000 -167.52140370 
  -3.39578333   2.35939167 -167.51619347 
  -3.39578333   2.46308333 -167.51261342 
  -3.39578333   2.56677500 -167.51010278 
  -3.39578333   2.67046667 -167.50829272 
  -3.39578333   2.77415833 -167.50695416 
  -3.39578333   2.87785000 -167.50594434 
  -3.39578333   2.98154167 -167.50517594 
  -3.39578333   3.08523333 -167.50456914 
  -3.39578333   3.18892500 -167.50407392 
  -3.39578333   3.29261667 -167.50367510 
  -3.39578333   3.39630833 -167.50337277 
  -3.39578333   3.50000000 -167.50314361 
  -3.50000000   1.01140000 -167.63388817 
  -3.50000000   1.11509167 -167.72815981 
  -3.50000000   1.21878333 -167.75333847 
  -3.50000000   1.32247500 -167.74157928 
  -3.50000000   1.42616667 -167.71124076 
  -3.50000000   1.52985833 -167.67290685 
  -3.50000000   1.63355000 -167.63482743 
  -3.50000000   1.73724167 -167.60294562 
  -3.50000000   1.84093333 -167.57708876 
  -3.50000000   1.94462500 -167.55626097 
  -3.50000000   2.04831667 -167.54031122 
  -3.50000000   2.15200833 -167.52896796 
  -3.50000000   2.25570000 -167.52126331 
  -3.50000000   2.35939167 -167.51605050 
  -3.50000000   2.46308333 -167.51246966 
  -3.50000000   2.56677500 -167.50995938 
  -3.50000000   2.67046667 -167.50815004 
  -3.50000000   2.77415833 -167.50681231 
  -3.50000000   2.87785000 -167.50580337 
  -3.50000000   2.98154167 -167.50503576 
  -3.50000000   3.08523333 -167.50442957 
  -3.50000000   3.18892500 -167.50393486 
  -3.50000000   3.29261667 -167.50353662 
  -3.50000000   3.39630833 -167.50323488 
  -3.50000000   3.50000000 -167.50300610 
