   0.50000000  -0.50000000  -1.38730642 
   0.50000000  -0.55000000  -1.43176043 
   0.50000000  -0.60000000  -1.46484658 
   0.50000000  -0.65000000  -1.48989779 
   0.50000000  -0.70000000  -1.50918343 
   0.50000000  -0.75000000  -1.52426958 
   0.50000000  -0.80000000  -1.53625277 
   0.50000000  -0.85000000  -1.54590976 
   0.50000000  -0.90000000  -1.55379765 
   0.50000000  -0.95000000  -1.56032064 
   0.50000000  -1.00000000  -1.56577460 
   0.50000000  -1.05000000  -1.57037879 
   0.50000000  -1.10000000  -1.57429720 
   0.50000000  -1.15000000  -1.57765178 
   0.50000000  -1.20000000  -1.58054399 
   0.50000000  -1.25000000  -1.58304648 
   0.50000000  -1.30000000  -1.58521932 
   0.50000000  -1.35000000  -1.58711322 
   0.50000000  -1.40000000  -1.58876414 
   0.50000000  -1.45000000  -1.59020355 
   0.50000000  -1.50000000  -1.59146987 
   0.50000000  -1.55000000  -1.59257467 
   0.50000000  -1.60000000  -1.59354154 
   0.50000000  -1.65000000  -1.59438515 
   0.50000000  -1.70000000  -1.59512339 
   0.50000000  -1.75000000  -1.59576676 
   0.50000000  -1.80000000  -1.59632621 
   0.50000000  -1.85000000  -1.59681136 
   0.50000000  -1.90000000  -1.59723079 
   0.50000000  -1.95000000  -1.59759223 
   0.50000000  -2.00000000  -1.59790262 
   0.50000000  -2.05000000  -1.59816821 
   0.50000000  -2.10000000  -1.59839459 
   0.50000000  -2.15000000  -1.59858673 
   0.50000000  -2.20000000  -1.59874978 
   0.50000000  -2.25000000  -1.59888743 
   0.50000000  -2.30000000  -1.59900310 
   0.50000000  -2.35000000  -1.59909982 
   0.50000000  -2.40000000  -1.59918032 
   0.50000000  -2.45000000  -1.59924719 
   0.50000000  -2.50000000  -1.59930277 
   0.50000000  -2.55000000  -1.59934900 
   0.50000000  -2.60000000  -1.59938733 
   0.50000000  -2.65000000  -1.59941873 
   0.50000000  -2.70000000  -1.59944405 
   0.50000000  -2.75000000  -1.59946413 
   0.50000000  -2.80000000  -1.59947987 
   0.50000000  -2.85000000  -1.59949219 
   0.50000000  -2.90000000  -1.59950199 
   0.50000000  -2.95000000  -1.59951003 
   0.50000000  -3.00000000  -1.59951673 
   0.55000000  -0.50000000  -1.43176074 
   0.55000000  -0.55000000  -1.47535216 
   0.55000000  -0.60000000  -1.50753930 
   0.55000000  -0.65000000  -1.53168110 
   0.55000000  -0.70000000  -1.55006413 
   0.55000000  -0.75000000  -1.56427224 
   0.55000000  -0.80000000  -1.57541708 
   0.55000000  -0.85000000  -1.58428747 
   0.55000000  -0.90000000  -1.59144890 
   0.55000000  -0.95000000  -1.59731017 
   0.55000000  -1.00000000  -1.60216848 
   0.55000000  -1.05000000  -1.60624188 
   0.55000000  -1.10000000  -1.60969132 
   0.55000000  -1.15000000  -1.61263390 
   0.55000000  -1.20000000  -1.61516747 
   0.55000000  -1.25000000  -1.61735893 
   0.55000000  -1.30000000  -1.61926316 
   0.55000000  -1.35000000  -1.62092683 
   0.55000000  -1.40000000  -1.62237939 
   0.55000000  -1.45000000  -1.62365254 
   0.55000000  -1.50000000  -1.62477033 
   0.55000000  -1.55000000  -1.62575159 
   0.55000000  -1.60000000  -1.62661321 
   0.55000000  -1.65000000  -1.62736735 
   0.55000000  -1.70000000  -1.62802948 
   0.55000000  -1.75000000  -1.62860816 
   0.55000000  -1.80000000  -1.62911260 
   0.55000000  -1.85000000  -1.62955096 
   0.55000000  -1.90000000  -1.62993062 
   0.55000000  -1.95000000  -1.63025829 
   0.55000000  -2.00000000  -1.63054001 
   0.55000000  -2.05000000  -1.63078122 
   0.55000000  -2.10000000  -1.63098689 
   0.55000000  -2.15000000  -1.63116126 
   0.55000000  -2.20000000  -1.63130941 
   0.55000000  -2.25000000  -1.63143443 
   0.55000000  -2.30000000  -1.63153942 
   0.55000000  -2.35000000  -1.63162709 
   0.55000000  -2.40000000  -1.63169994 
   0.55000000  -2.45000000  -1.63176032 
   0.55000000  -2.50000000  -1.63181042 
   0.55000000  -2.55000000  -1.63185202 
   0.55000000  -2.60000000  -1.63188642 
   0.55000000  -2.65000000  -1.63191450 
   0.55000000  -2.70000000  -1.63193701 
   0.55000000  -2.75000000  -1.63195472 
   0.55000000  -2.80000000  -1.63196846 
   0.55000000  -2.85000000  -1.63197908 
   0.55000000  -2.90000000  -1.63198745 
   0.55000000  -2.95000000  -1.63199426 
   0.55000000  -3.00000000  -1.63199990 
   0.60000000  -0.50000000  -1.46484701 
   0.60000000  -0.55000000  -1.50753943 
   0.60000000  -0.60000000  -1.53879542 
   0.60000000  -0.65000000  -1.56199189 
   0.60000000  -0.70000000  -1.57943558 
   0.60000000  -0.75000000  -1.59272851 
   0.60000000  -0.80000000  -1.60299806 
   0.60000000  -0.85000000  -1.61104547 
   0.60000000  -0.90000000  -1.61744491 
   0.60000000  -0.95000000  -1.62261017 
   0.60000000  -1.00000000  -1.62684021 
   0.60000000  -1.05000000  -1.63035228 
   0.60000000  -1.10000000  -1.63330460 
   0.60000000  -1.15000000  -1.63581554 
   0.60000000  -1.20000000  -1.63796157 
   0.60000000  -1.25000000  -1.63982169 
   0.60000000  -1.30000000  -1.64143951 
   0.60000000  -1.35000000  -1.64285768 
   0.60000000  -1.40000000  -1.64409850 
   0.60000000  -1.45000000  -1.64519043 
   0.60000000  -1.50000000  -1.64615328 
   0.60000000  -1.55000000  -1.64700255 
   0.60000000  -1.60000000  -1.64775175 
   0.60000000  -1.65000000  -1.64841194 
   0.60000000  -1.70000000  -1.64899114 
   0.60000000  -1.75000000  -1.64950074 
   0.60000000  -1.80000000  -1.64994643 
   0.60000000  -1.85000000  -1.65033483 
   0.60000000  -1.90000000  -1.65067203 
   0.60000000  -1.95000000  -1.65096362 
   0.60000000  -2.00000000  -1.65121467 
   0.60000000  -2.05000000  -1.65142979 
   0.60000000  -2.10000000  -1.65161328 
   0.60000000  -2.15000000  -1.65176915 
   0.60000000  -2.20000000  -1.65190068 
   0.60000000  -2.25000000  -1.65201210 
   0.60000000  -2.30000000  -1.65210554 
   0.60000000  -2.35000000  -1.65218339 
   0.60000000  -2.40000000  -1.65224789 
   0.60000000  -2.45000000  -1.65230120 
   0.60000000  -2.50000000  -1.65234529 
   0.60000000  -2.55000000  -1.65238178 
   0.60000000  -2.60000000  -1.65241185 
   0.60000000  -2.65000000  -1.65243625 
   0.60000000  -2.70000000  -1.65245562 
   0.60000000  -2.75000000  -1.65247067 
   0.60000000  -2.80000000  -1.65248214 
   0.60000000  -2.85000000  -1.65249086 
   0.60000000  -2.90000000  -1.65249759 
   0.60000000  -2.95000000  -1.65250301 
   0.60000000  -3.00000000  -1.65250745 
   0.65000000  -0.50000000  -1.48989882 
   0.65000000  -0.55000000  -1.53168132 
   0.65000000  -0.60000000  -1.56199203 
   0.65000000  -0.65000000  -1.58422722 
   0.65000000  -0.70000000  -1.60071300 
   0.65000000  -0.75000000  -1.61306935 
   0.65000000  -0.80000000  -1.62243934 
   0.65000000  -0.85000000  -1.62963686 
   0.65000000  -0.90000000  -1.63524535 
   0.65000000  -0.95000000  -1.63968442 
   0.65000000  -1.00000000  -1.64325575 
   0.65000000  -1.05000000  -1.64617667 
   0.65000000  -1.10000000  -1.64860343 
   0.65000000  -1.15000000  -1.65065178 
   0.65000000  -1.20000000  -1.65239769 
   0.65000000  -1.25000000  -1.65390427 
   0.65000000  -1.30000000  -1.65520964 
   0.65000000  -1.35000000  -1.65636563 
   0.65000000  -1.40000000  -1.65738001 
   0.65000000  -1.45000000  -1.65827802 
   0.65000000  -1.50000000  -1.65907490 
   0.65000000  -1.55000000  -1.65978300 
   0.65000000  -1.60000000  -1.66041186 
   0.65000000  -1.65000000  -1.66096966 
   0.65000000  -1.70000000  -1.66146187 
   0.65000000  -1.75000000  -1.66189750 
   0.65000000  -1.80000000  -1.66228032 
   0.65000000  -1.85000000  -1.66261529 
   0.65000000  -1.90000000  -1.66290707 
   0.65000000  -1.95000000  -1.66316005 
   0.65000000  -2.00000000  -1.66337826 
   0.65000000  -2.05000000  -1.66356545 
   0.65000000  -2.10000000  -1.66372515 
   0.65000000  -2.15000000  -1.66386079 
   0.65000000  -2.20000000  -1.66397483 
   0.65000000  -2.25000000  -1.66407161 
   0.65000000  -2.30000000  -1.66415260 
   0.65000000  -2.35000000  -1.66421984 
   0.65000000  -2.40000000  -1.66427532 
   0.65000000  -2.45000000  -1.66432095 
   0.65000000  -2.50000000  -1.66435850 
   0.65000000  -2.55000000  -1.66438944 
   0.65000000  -2.60000000  -1.66441476 
   0.65000000  -2.65000000  -1.66443511 
   0.65000000  -2.70000000  -1.66445104 
   0.65000000  -2.75000000  -1.66446315 
   0.65000000  -2.80000000  -1.66447213 
   0.65000000  -2.85000000  -1.66447872 
   0.65000000  -2.90000000  -1.66448365 
   0.65000000  -2.95000000  -1.66448752 
   0.65000000  -3.00000000  -1.66449062 
   0.70000000  -0.50000000  -1.50918519 
   0.70000000  -0.55000000  -1.55006448 
   0.70000000  -0.60000000  -1.57943592 
   0.70000000  -0.65000000  -1.60071323 
   0.70000000  -0.70000000  -1.61624052 
   0.70000000  -0.75000000  -1.62765471 
   0.70000000  -0.80000000  -1.63611402 
   0.70000000  -0.85000000  -1.64244513 
   0.70000000  -0.90000000  -1.64724146 
   0.70000000  -0.95000000  -1.65092955 
   0.70000000  -1.00000000  -1.65381511 
   0.70000000  -1.05000000  -1.65611686 
   0.70000000  -1.10000000  -1.65799023 
   0.70000000  -1.15000000  -1.65954929 
   0.70000000  -1.20000000  -1.66086444 
   0.70000000  -1.25000000  -1.66199501 
   0.70000000  -1.30000000  -1.66298031 
   0.70000000  -1.35000000  -1.66384817 
   0.70000000  -1.40000000  -1.66462021 
   0.70000000  -1.45000000  -1.66531049 
   0.70000000  -1.50000000  -1.66592979 
   0.70000000  -1.55000000  -1.66648630 
   0.70000000  -1.60000000  -1.66698616 
   0.70000000  -1.65000000  -1.66743423 
   0.70000000  -1.70000000  -1.66783320 
   0.70000000  -1.75000000  -1.66818960 
   0.70000000  -1.80000000  -1.66850511 
   0.70000000  -1.85000000  -1.66878291 
   0.70000000  -1.90000000  -1.66902610 
   0.70000000  -1.95000000  -1.66923777 
   0.70000000  -2.00000000  -1.66942086 
   0.70000000  -2.05000000  -1.66957816 
   0.70000000  -2.10000000  -1.66971242 
   0.70000000  -2.15000000  -1.66982640 
   0.70000000  -2.20000000  -1.66992268 
   0.70000000  -2.25000000  -1.67000278 
   0.70000000  -2.30000000  -1.67007038 
   0.70000000  -2.35000000  -1.67012623 
   0.70000000  -2.40000000  -1.67017199 
   0.70000000  -2.45000000  -1.67020935 
   0.70000000  -2.50000000  -1.67023986 
   0.70000000  -2.55000000  -1.67026479 
   0.70000000  -2.60000000  -1.67028497 
   0.70000000  -2.65000000  -1.67030094 
   0.70000000  -2.70000000  -1.67031311 
   0.70000000  -2.75000000  -1.67032202 
   0.70000000  -2.80000000  -1.67032827 
   0.70000000  -2.85000000  -1.67033255 
   0.70000000  -2.90000000  -1.67033550 
   0.70000000  -2.95000000  -1.67033767 
   0.70000000  -3.00000000  -1.67033930 
   0.75000000  -0.50000000  -1.52427124 
   0.75000000  -0.55000000  -1.56427278 
   0.75000000  -0.60000000  -1.59272913 
   0.75000000  -0.65000000  -1.61306995 
   0.75000000  -0.70000000  -1.62765512 
   0.75000000  -0.75000000  -1.63813688 
   0.75000000  -0.80000000  -1.64568775 
   0.75000000  -0.85000000  -1.65114709 
   0.75000000  -0.90000000  -1.65511891 
   0.75000000  -0.95000000  -1.65803791 
   0.75000000  -1.00000000  -1.66021528 
   0.75000000  -1.05000000  -1.66187272 
   0.75000000  -1.10000000  -1.66316628 
   0.75000000  -1.15000000  -1.66420967 
   0.75000000  -1.20000000  -1.66506864 
   0.75000000  -1.25000000  -1.66579939 
   0.75000000  -1.30000000  -1.66643660 
   0.75000000  -1.35000000  -1.66700307 
   0.75000000  -1.40000000  -1.66751553 
   0.75000000  -1.45000000  -1.66798307 
   0.75000000  -1.50000000  -1.66841184 
   0.75000000  -1.55000000  -1.66880568 
   0.75000000  -1.60000000  -1.66916713 
   0.75000000  -1.65000000  -1.66949748 
   0.75000000  -1.70000000  -1.66979645 
   0.75000000  -1.75000000  -1.67006795 
   0.75000000  -1.80000000  -1.67031139 
   0.75000000  -1.85000000  -1.67052800 
   0.75000000  -1.90000000  -1.67071924 
   0.75000000  -1.95000000  -1.67088677 
   0.75000000  -2.00000000  -1.67103233 
   0.75000000  -2.05000000  -1.67115771 
   0.75000000  -2.10000000  -1.67126481 
   0.75000000  -2.15000000  -1.67135567 
   0.75000000  -2.20000000  -1.67143225 
   0.75000000  -2.25000000  -1.67149633 
   0.75000000  -2.30000000  -1.67154856 
   0.75000000  -2.35000000  -1.67159221 
   0.75000000  -2.40000000  -1.67162759 
   0.75000000  -2.45000000  -1.67165610 
   0.75000000  -2.50000000  -1.67167907 
   0.75000000  -2.55000000  -1.67169755 
   0.75000000  -2.60000000  -1.67171224 
   0.75000000  -2.65000000  -1.67172348 
   0.75000000  -2.70000000  -1.67173162 
   0.75000000  -2.75000000  -1.67173708 
   0.75000000  -2.80000000  -1.67174040 
   0.75000000  -2.85000000  -1.67174217 
   0.75000000  -2.90000000  -1.67174299 
   0.75000000  -2.95000000  -1.67174332 
   0.75000000  -3.00000000  -1.67174335 
   0.80000000  -0.50000000  -1.53625415 
   0.80000000  -0.55000000  -1.57541787 
   0.80000000  -0.60000000  -1.60299905 
   0.80000000  -0.65000000  -1.62244041 
   0.80000000  -0.70000000  -1.63611498 
   0.80000000  -0.75000000  -1.64568835 
   0.80000000  -0.80000000  -1.65234610 
   0.80000000  -0.85000000  -1.65693985 
   0.80000000  -0.90000000  -1.66008459 
   0.80000000  -0.95000000  -1.66222417 
   0.80000000  -1.00000000  -1.66367679 
   0.80000000  -1.05000000  -1.66466879 
   0.80000000  -1.10000000  -1.66535852 
   0.80000000  -1.15000000  -1.66586083 
   0.80000000  -1.20000000  -1.66623823 
   0.80000000  -1.25000000  -1.66654469 
   0.80000000  -1.30000000  -1.66681094 
   0.80000000  -1.35000000  -1.66705517 
   0.80000000  -1.40000000  -1.66728943 
   0.80000000  -1.45000000  -1.66751784 
   0.80000000  -1.50000000  -1.66774189 
   0.80000000  -1.55000000  -1.66796210 
   0.80000000  -1.60000000  -1.66817352 
   0.80000000  -1.65000000  -1.66837745 
   0.80000000  -1.70000000  -1.66857043 
   0.80000000  -1.75000000  -1.66874941 
   0.80000000  -1.80000000  -1.66891564 
   0.80000000  -1.85000000  -1.66906675 
   0.80000000  -1.90000000  -1.66920243 
   0.80000000  -1.95000000  -1.66932280 
   0.80000000  -2.00000000  -1.66942830 
   0.80000000  -2.05000000  -1.66951963 
   0.80000000  -2.10000000  -1.66959779 
   0.80000000  -2.15000000  -1.66966402 
   0.80000000  -2.20000000  -1.66971963 
   0.80000000  -2.25000000  -1.66976584 
   0.80000000  -2.30000000  -1.66980369 
   0.80000000  -2.35000000  -1.66983321 
   0.80000000  -2.40000000  -1.66985752 
   0.80000000  -2.45000000  -1.66987662 
   0.80000000  -2.50000000  -1.66989156 
   0.80000000  -2.55000000  -1.66990320 
   0.80000000  -2.60000000  -1.66991201 
   0.80000000  -2.65000000  -1.66991824 
   0.80000000  -2.70000000  -1.66992207 
   0.80000000  -2.75000000  -1.66992385 
   0.80000000  -2.80000000  -1.66992403 
   0.80000000  -2.85000000  -1.66992313 
   0.80000000  -2.90000000  -1.66992167 
   0.80000000  -2.95000000  -1.66992003 
   0.80000000  -3.00000000  -1.66991835 
   0.85000000  -0.50000000  -1.54591069 
   0.85000000  -0.55000000  -1.58428857 
   0.85000000  -0.60000000  -1.61104687 
   0.85000000  -0.65000000  -1.62963847 
   0.85000000  -0.70000000  -1.64244676 
   0.85000000  -0.75000000  -1.65114847 
   0.85000000  -0.80000000  -1.65694069 
   0.85000000  -0.85000000  -1.66068652 
   0.85000000  -0.90000000  -1.66301190 
   0.85000000  -0.95000000  -1.66437363 
   0.85000000  -1.00000000  -1.66509254 
   0.85000000  -1.05000000  -1.66540377 
   0.85000000  -1.10000000  -1.66546975 
   0.85000000  -1.15000000  -1.66540265 
   0.85000000  -1.20000000  -1.66527388 
   0.85000000  -1.25000000  -1.66513138 
   0.85000000  -1.30000000  -1.66500292 
   0.85000000  -1.35000000  -1.66490353 
   0.85000000  -1.40000000  -1.66483901 
   0.85000000  -1.45000000  -1.66481008 
   0.85000000  -1.50000000  -1.66481374 
   0.85000000  -1.55000000  -1.66484468 
   0.85000000  -1.60000000  -1.66489807 
   0.85000000  -1.65000000  -1.66496441 
   0.85000000  -1.70000000  -1.66504191 
   0.85000000  -1.75000000  -1.66512555 
   0.85000000  -1.80000000  -1.66520613 
   0.85000000  -1.85000000  -1.66528709 
   0.85000000  -1.90000000  -1.66536329 
   0.85000000  -1.95000000  -1.66543323 
   0.85000000  -2.00000000  -1.66549596 
   0.85000000  -2.05000000  -1.66555100 
   0.85000000  -2.10000000  -1.66559833 
   0.85000000  -2.15000000  -1.66563837 
   0.85000000  -2.20000000  -1.66567169 
   0.85000000  -2.25000000  -1.66569893 
   0.85000000  -2.30000000  -1.66572061 
   0.85000000  -2.35000000  -1.66573601 
   0.85000000  -2.40000000  -1.66574860 
   0.85000000  -2.45000000  -1.66575774 
   0.85000000  -2.50000000  -1.66576419 
   0.85000000  -2.55000000  -1.66576856 
   0.85000000  -2.60000000  -1.66577117 
   0.85000000  -2.65000000  -1.66577207 
   0.85000000  -2.70000000  -1.66577135 
   0.85000000  -2.75000000  -1.66576923 
   0.85000000  -2.80000000  -1.66576608 
   0.85000000  -2.85000000  -1.66576234 
   0.85000000  -2.90000000  -1.66575845 
   0.85000000  -2.95000000  -1.66575471 
   0.85000000  -3.00000000  -1.66575122 
   0.90000000  -0.50000000  -1.55379811 
   0.90000000  -0.55000000  -1.59145033 
   0.90000000  -0.60000000  -1.61744675 
   0.90000000  -0.65000000  -1.63524753 
   0.90000000  -0.70000000  -1.64724382 
   0.90000000  -0.75000000  -1.65512119 
   0.90000000  -0.80000000  -1.66008645 
   0.90000000  -0.85000000  -1.66301300 
   0.90000000  -0.90000000  -1.66453932 
   0.90000000  -0.95000000  -1.66512559 
   0.90000000  -1.00000000  -1.66510899 
   0.90000000  -1.05000000  -1.66472971 
   0.90000000  -1.10000000  -1.66415594 
   0.90000000  -1.15000000  -1.66350372 
   0.90000000  -1.20000000  -1.66284588 
   0.90000000  -1.25000000  -1.66223027 
   0.90000000  -1.30000000  -1.66168296 
   0.90000000  -1.35000000  -1.66121607 
   0.90000000  -1.40000000  -1.66083125 
   0.90000000  -1.45000000  -1.66052611 
   0.90000000  -1.50000000  -1.66029210 
   0.90000000  -1.55000000  -1.66011971 
   0.90000000  -1.60000000  -1.65999994 
   0.90000000  -1.65000000  -1.65992044 
   0.90000000  -1.70000000  -1.65987304 
   0.90000000  -1.75000000  -1.65984994 
   0.90000000  -1.80000000  -1.65984356 
   0.90000000  -1.85000000  -1.65984625 
   0.90000000  -1.90000000  -1.65985870 
   0.90000000  -1.95000000  -1.65987462 
   0.90000000  -2.00000000  -1.65989162 
   0.90000000  -2.05000000  -1.65990792 
   0.90000000  -2.10000000  -1.65992241 
   0.90000000  -2.15000000  -1.65993457 
   0.90000000  -2.20000000  -1.65994423 
   0.90000000  -2.25000000  -1.65995133 
   0.90000000  -2.30000000  -1.65995587 
   0.90000000  -2.35000000  -1.65995797 
   0.90000000  -2.40000000  -1.65995657 
   0.90000000  -2.45000000  -1.65995510 
   0.90000000  -2.50000000  -1.65995257 
   0.90000000  -2.55000000  -1.65994929 
   0.90000000  -2.60000000  -1.65994535 
   0.90000000  -2.65000000  -1.65994064 
   0.90000000  -2.70000000  -1.65993511 
   0.90000000  -2.75000000  -1.65992888 
   0.90000000  -2.80000000  -1.65992222 
   0.90000000  -2.85000000  -1.65991548 
   0.90000000  -2.90000000  -1.65990902 
   0.90000000  -2.95000000  -1.65990307 
   0.90000000  -3.00000000  -1.65989765 
   0.95000000  -0.50000000  -1.56032072 
   0.95000000  -0.55000000  -1.59731191 
   0.95000000  -0.60000000  -1.62261243 
   0.95000000  -0.65000000  -1.63968717 
   0.95000000  -0.70000000  -1.65093266 
   0.95000000  -0.75000000  -1.65804113 
   0.95000000  -0.80000000  -1.66222716 
   0.95000000  -0.85000000  -1.66437388 
   0.95000000  -0.90000000  -1.66512569 
   0.95000000  -0.95000000  -1.66495680 
   0.95000000  -1.00000000  -1.66421227 
   0.95000000  -1.05000000  -1.66314088 
   0.95000000  -1.10000000  -1.66191797 
   0.95000000  -1.15000000  -1.66066354 
   0.95000000  -1.20000000  -1.65945695 
   0.95000000  -1.25000000  -1.65834543 
   0.95000000  -1.30000000  -1.65735533 
   0.95000000  -1.35000000  -1.65649905 
   0.95000000  -1.40000000  -1.65577107 
   0.95000000  -1.45000000  -1.65516830 
   0.95000000  -1.50000000  -1.65467757 
   0.95000000  -1.55000000  -1.65428514 
   0.95000000  -1.60000000  -1.65397790 
   0.95000000  -1.65000000  -1.65373879 
   0.95000000  -1.70000000  -1.65355613 
   0.95000000  -1.75000000  -1.65341870 
   0.95000000  -1.80000000  -1.65331567 
   0.95000000  -1.85000000  -1.65323917 
   0.95000000  -1.90000000  -1.65317991 
   0.95000000  -1.95000000  -1.65313789 
   0.95000000  -2.00000000  -1.65310583 
   0.95000000  -2.05000000  -1.65308064 
   0.95000000  -2.10000000  -1.65306005 
   0.95000000  -2.15000000  -1.65304251 
   0.95000000  -2.20000000  -1.65302698 
   0.95000000  -2.25000000  -1.65301270 
   0.95000000  -2.30000000  -1.65299907 
   0.95000000  -2.35000000  -1.65298572 
   0.95000000  -2.40000000  -1.65297256 
   0.95000000  -2.45000000  -1.65295828 
   0.95000000  -2.50000000  -1.65294619 
   0.95000000  -2.55000000  -1.65293483 
   0.95000000  -2.60000000  -1.65292399 
   0.95000000  -2.65000000  -1.65291338 
   0.95000000  -2.70000000  -1.65290280 
   0.95000000  -2.75000000  -1.65289224 
   0.95000000  -2.80000000  -1.65288188 
   0.95000000  -2.85000000  -1.65287199 
   0.95000000  -2.90000000  -1.65286282 
   0.95000000  -2.95000000  -1.65285454 
   0.95000000  -3.00000000  -1.65284711 
   1.00000000  -0.50000000  -1.56577531 
   1.00000000  -0.55000000  -1.60217051 
   1.00000000  -0.60000000  -1.62684285 
   1.00000000  -0.65000000  -1.64325901 
   1.00000000  -0.70000000  -1.65381891 
   1.00000000  -0.75000000  -1.66021942 
   1.00000000  -0.80000000  -1.66368093 
   1.00000000  -0.85000000  -1.66509284 
   1.00000000  -0.90000000  -1.66510911 
   1.00000000  -0.95000000  -1.66421227 
   1.00000000  -1.00000000  -1.66275669 
   1.00000000  -1.05000000  -1.66100018 
   1.00000000  -1.10000000  -1.65912622 
   1.00000000  -1.15000000  -1.65726156 
   1.00000000  -1.20000000  -1.65549057 
   1.00000000  -1.25000000  -1.65386370 
   1.00000000  -1.30000000  -1.65240869 
   1.00000000  -1.35000000  -1.65113578 
   1.00000000  -1.40000000  -1.65004305 
   1.00000000  -1.45000000  -1.64912099 
   1.00000000  -1.50000000  -1.64835279 
   1.00000000  -1.55000000  -1.64772155 
   1.00000000  -1.60000000  -1.64721051 
   1.00000000  -1.65000000  -1.64679754 
   1.00000000  -1.70000000  -1.64646747 
   1.00000000  -1.75000000  -1.64620504 
   1.00000000  -1.80000000  -1.64599737 
   1.00000000  -1.85000000  -1.64583225 
   1.00000000  -1.90000000  -1.64570084 
   1.00000000  -1.95000000  -1.64559286 
   1.00000000  -2.00000000  -1.64550807 
   1.00000000  -2.05000000  -1.64543827 
   1.00000000  -2.10000000  -1.64538003 
   1.00000000  -2.15000000  -1.64533068 
   1.00000000  -2.20000000  -1.64528826 
   1.00000000  -2.25000000  -1.64525121 
   1.00000000  -2.30000000  -1.64521827 
   1.00000000  -2.35000000  -1.64518853 
   1.00000000  -2.40000000  -1.64516145 
   1.00000000  -2.45000000  -1.64513680 
   1.00000000  -2.50000000  -1.64511298 
   1.00000000  -2.55000000  -1.64509298 
   1.00000000  -2.60000000  -1.64507487 
   1.00000000  -2.65000000  -1.64505805 
   1.00000000  -2.70000000  -1.64504215 
   1.00000000  -2.75000000  -1.64502705 
   1.00000000  -2.80000000  -1.64501281 
   1.00000000  -2.85000000  -1.64499960 
   1.00000000  -2.90000000  -1.64498760 
   1.00000000  -2.95000000  -1.64497687 
   1.00000000  -3.00000000  -1.64496732 
   1.05000000  -0.50000000  -1.57037924 
   1.05000000  -0.55000000  -1.60624415 
   1.05000000  -0.60000000  -1.63035522 
   1.05000000  -0.65000000  -1.64618035 
   1.05000000  -0.70000000  -1.65612126 
   1.05000000  -0.75000000  -1.66187769 
   1.05000000  -0.80000000  -1.66467402 
   1.05000000  -0.85000000  -1.66540406 
   1.05000000  -0.90000000  -1.66472979 
   1.05000000  -0.95000000  -1.66314080 
   1.05000000  -1.00000000  -1.66100006 
   1.05000000  -1.05000000  -1.65857432 
   1.05000000  -1.10000000  -1.65605571 
   1.05000000  -1.15000000  -1.65357869 
   1.05000000  -1.20000000  -1.65123398 
   1.05000000  -1.25000000  -1.64907674 
   1.05000000  -1.30000000  -1.64713767 
   1.05000000  -1.35000000  -1.64542837 
   1.05000000  -1.40000000  -1.64394667 
   1.05000000  -1.45000000  -1.64268168 
   1.05000000  -1.50000000  -1.64161398 
   1.05000000  -1.55000000  -1.64072346 
   1.05000000  -1.60000000  -1.63998783 
   1.05000000  -1.65000000  -1.63938712 
   1.05000000  -1.70000000  -1.63889555 
   1.05000000  -1.75000000  -1.63849652 
   1.05000000  -1.80000000  -1.63817385 
   1.05000000  -1.85000000  -1.63791170 
   1.05000000  -1.90000000  -1.63769873 
   1.05000000  -1.95000000  -1.63752488 
   1.05000000  -2.00000000  -1.63738197 
   1.05000000  -2.05000000  -1.63726092 
   1.05000000  -2.10000000  -1.63716224 
   1.05000000  -2.15000000  -1.63707863 
   1.05000000  -2.20000000  -1.63700731 
   1.05000000  -2.25000000  -1.63694585 
   1.05000000  -2.30000000  -1.63689228 
   1.05000000  -2.35000000  -1.63684507 
   1.05000000  -2.40000000  -1.63680319 
   1.05000000  -2.45000000  -1.63676599 
   1.05000000  -2.50000000  -1.63673114 
   1.05000000  -2.55000000  -1.63670209 
   1.05000000  -2.60000000  -1.63667631 
   1.05000000  -2.65000000  -1.63665296 
   1.05000000  -2.70000000  -1.63663147 
   1.05000000  -2.75000000  -1.63661160 
   1.05000000  -2.80000000  -1.63659328 
   1.05000000  -2.85000000  -1.63657659 
   1.05000000  -2.90000000  -1.63656160 
   1.05000000  -2.95000000  -1.63654831 
   1.05000000  -3.00000000  -1.63653654 
   1.10000000  -0.50000000  -1.57429747 
   1.10000000  -0.55000000  -1.60969376 
   1.10000000  -0.60000000  -1.63330775 
   1.10000000  -0.65000000  -1.64860743 
   1.10000000  -0.70000000  -1.65799510 
   1.10000000  -0.75000000  -1.66317195 
   1.10000000  -0.80000000  -1.66536473 
   1.10000000  -0.85000000  -1.66546998 
   1.10000000  -0.90000000  -1.66415591 
   1.10000000  -0.95000000  -1.66191771 
   1.10000000  -1.00000000  -1.65912585 
   1.10000000  -1.05000000  -1.65605541 
   1.10000000  -1.10000000  -1.65290711 
   1.10000000  -1.15000000  -1.64982367 
   1.10000000  -1.20000000  -1.64690316 
   1.10000000  -1.25000000  -1.64420655 
   1.10000000  -1.30000000  -1.64176900 
   1.10000000  -1.35000000  -1.63960486 
   1.10000000  -1.40000000  -1.63771318 
   1.10000000  -1.45000000  -1.63608287 
   1.10000000  -1.50000000  -1.63469320 
   1.10000000  -1.55000000  -1.63352170 
   1.10000000  -1.60000000  -1.63254304 
   1.10000000  -1.65000000  -1.63173448 
   1.10000000  -1.70000000  -1.63106516 
   1.10000000  -1.75000000  -1.63051540 
   1.10000000  -1.80000000  -1.63006588 
   1.10000000  -1.85000000  -1.62969652 
   1.10000000  -1.90000000  -1.62939354 
   1.10000000  -1.95000000  -1.62914418 
   1.10000000  -2.00000000  -1.62893796 
   1.10000000  -2.05000000  -1.62876637 
   1.10000000  -2.10000000  -1.62861977 
   1.10000000  -2.15000000  -1.62849921 
   1.10000000  -2.20000000  -1.62839653 
   1.10000000  -2.25000000  -1.62830868 
   1.10000000  -2.30000000  -1.62823287 
   1.10000000  -2.35000000  -1.62816689 
   1.10000000  -2.40000000  -1.62810916 
   1.10000000  -2.45000000  -1.62805855 
   1.10000000  -2.50000000  -1.62801423 
   1.10000000  -2.55000000  -1.62797348 
   1.10000000  -2.60000000  -1.62793934 
   1.10000000  -2.65000000  -1.62790903 
   1.10000000  -2.70000000  -1.62788165 
   1.10000000  -2.75000000  -1.62785674 
   1.10000000  -2.80000000  -1.62783413 
   1.10000000  -2.85000000  -1.62781377 
   1.10000000  -2.90000000  -1.62779565 
   1.10000000  -2.95000000  -1.62777967 
   1.10000000  -3.00000000  -1.62776558 
   1.15000000  -0.50000000  -1.57765439 
   1.15000000  -0.55000000  -1.61263955 
   1.15000000  -0.60000000  -1.63581663 
   1.15000000  -0.65000000  -1.65065295 
   1.15000000  -0.70000000  -1.65955055 
   1.15000000  -0.75000000  -1.66421098 
   1.15000000  -0.80000000  -1.66586204 
   1.15000000  -0.85000000  -1.66540155 
   1.15000000  -0.90000000  -1.66350213 
   1.15000000  -0.95000000  -1.66066305 
   1.15000000  -1.00000000  -1.65726084 
   1.15000000  -1.05000000  -1.65357792 
   1.15000000  -1.10000000  -1.64982313 
   1.15000000  -1.15000000  -1.64614748 
   1.15000000  -1.20000000  -1.64265697 
   1.15000000  -1.25000000  -1.63941920 
   1.15000000  -1.30000000  -1.63647492 
   1.15000000  -1.35000000  -1.63384248 
   1.15000000  -1.40000000  -1.63152344 
   1.15000000  -1.45000000  -1.62950771 
   1.15000000  -1.50000000  -1.62777461 
   1.15000000  -1.55000000  -1.62630027 
   1.15000000  -1.60000000  -1.62505724 
   1.15000000  -1.65000000  -1.62402075 
   1.15000000  -1.70000000  -1.62315530 
   1.15000000  -1.75000000  -1.62243839 
   1.15000000  -1.80000000  -1.62184803 
   1.15000000  -1.85000000  -1.62135900 
   1.15000000  -1.90000000  -1.62095553 
   1.15000000  -1.95000000  -1.62062189 
   1.15000000  -2.00000000  -1.62034512 
   1.15000000  -2.05000000  -1.62011451 
   1.15000000  -2.10000000  -1.61992139 
   1.15000000  -2.15000000  -1.61975556 
   1.15000000  -2.20000000  -1.61961889 
   1.15000000  -2.25000000  -1.61950210 
   1.15000000  -2.30000000  -1.61940198 
   1.15000000  -2.35000000  -1.61931558 
   1.15000000  -2.40000000  -1.61924065 
   1.15000000  -2.45000000  -1.61917555 
   1.15000000  -2.50000000  -1.61911900 
   1.15000000  -2.55000000  -1.61906982 
   1.15000000  -2.60000000  -1.61902486 
   1.15000000  -2.65000000  -1.61898688 
   1.15000000  -2.70000000  -1.61895317 
   1.15000000  -2.75000000  -1.61892291 
   1.15000000  -2.80000000  -1.61889575 
   1.15000000  -2.85000000  -1.61887152 
   1.15000000  -2.90000000  -1.61885009 
   1.15000000  -2.95000000  -1.61883128 
   1.15000000  -3.00000000  -1.61881475 
   1.20000000  -0.50000000  -1.58054623 
   1.20000000  -0.55000000  -1.61517292 
   1.20000000  -0.60000000  -1.63796843 
   1.20000000  -0.65000000  -1.65239903 
   1.20000000  -0.70000000  -1.66086593 
   1.20000000  -0.75000000  -1.66507024 
   1.20000000  -0.80000000  -1.66623983 
   1.20000000  -0.85000000  -1.66527263 
   1.20000000  -0.90000000  -1.66284399 
   1.20000000  -0.95000000  -1.65945578 
   1.20000000  -1.00000000  -1.65548905 
   1.20000000  -1.05000000  -1.65123224 
   1.20000000  -1.10000000  -1.64690144 
   1.20000000  -1.15000000  -1.64265559 
   1.20000000  -1.20000000  -1.63860884 
   1.20000000  -1.25000000  -1.63483583 
   1.20000000  -1.30000000  -1.63138375 
   1.20000000  -1.35000000  -1.62827597 
   1.20000000  -1.40000000  -1.62551759 
   1.20000000  -1.45000000  -1.62310053 
   1.20000000  -1.50000000  -1.62100542 
   1.20000000  -1.55000000  -1.61920797 
   1.20000000  -1.60000000  -1.61767960 
   1.20000000  -1.65000000  -1.61639429 
   1.20000000  -1.70000000  -1.61531283 
   1.20000000  -1.75000000  -1.61441028 
   1.20000000  -1.80000000  -1.61366293 
   1.20000000  -1.85000000  -1.61303920 
   1.20000000  -1.90000000  -1.61252227 
   1.20000000  -1.95000000  -1.61209323 
   1.20000000  -2.00000000  -1.61173652 
   1.20000000  -2.05000000  -1.61143907 
   1.20000000  -2.10000000  -1.61119013 
   1.20000000  -2.15000000  -1.61098098 
   1.20000000  -2.20000000  -1.61080072 
   1.20000000  -2.25000000  -1.61065230 
   1.20000000  -2.30000000  -1.61052508 
   1.20000000  -2.35000000  -1.61041597 
   1.20000000  -2.40000000  -1.61032203 
   1.20000000  -2.45000000  -1.61024097 
   1.20000000  -2.50000000  -1.61017100 
   1.20000000  -2.55000000  -1.61011053 
   1.20000000  -2.60000000  -1.61005797 
   1.20000000  -2.65000000  -1.61000991 
   1.20000000  -2.70000000  -1.60996907 
   1.20000000  -2.75000000  -1.60993300 
   1.20000000  -2.80000000  -1.60990095 
   1.20000000  -2.85000000  -1.60987258 
   1.20000000  -2.90000000  -1.60984763 
   1.20000000  -2.95000000  -1.60982581 
   1.20000000  -3.00000000  -1.60980671 
   1.25000000  -0.50000000  -1.58304833 
   1.25000000  -0.55000000  -1.61736410 
   1.25000000  -0.60000000  -1.63982825 
   1.25000000  -0.65000000  -1.65390573 
   1.25000000  -0.70000000  -1.66199664 
   1.25000000  -0.75000000  -1.66580117 
   1.25000000  -0.80000000  -1.66654655 
   1.25000000  -0.85000000  -1.66513311 
   1.25000000  -0.90000000  -1.66222814 
   1.25000000  -0.95000000  -1.65834407 
   1.25000000  -1.00000000  -1.65386184 
   1.25000000  -1.05000000  -1.64907446 
   1.25000000  -1.10000000  -1.64420408 
   1.25000000  -1.15000000  -1.63941688 
   1.25000000  -1.20000000  -1.63483504 
   1.25000000  -1.25000000  -1.63054029 
   1.25000000  -1.30000000  -1.62658691 
   1.25000000  -1.35000000  -1.62300395 
   1.25000000  -1.40000000  -1.61980093 
   1.25000000  -1.45000000  -1.61697215 
   1.25000000  -1.50000000  -1.61450176 
   1.25000000  -1.55000000  -1.61236466 
   1.25000000  -1.60000000  -1.61053243 
   1.25000000  -1.65000000  -1.60897351 
   1.25000000  -1.70000000  -1.60766090 
   1.25000000  -1.75000000  -1.60654585 
   1.25000000  -1.80000000  -1.60562573 
   1.25000000  -1.85000000  -1.60484112 
   1.25000000  -1.90000000  -1.60419685 
   1.25000000  -1.95000000  -1.60366035 
   1.25000000  -2.00000000  -1.60322265 
   1.25000000  -2.05000000  -1.60284760 
   1.25000000  -2.10000000  -1.60253425 
   1.25000000  -2.15000000  -1.60227109 
   1.25000000  -2.20000000  -1.60204967 
   1.25000000  -2.25000000  -1.60186256 
   1.25000000  -2.30000000  -1.60169985 
   1.25000000  -2.35000000  -1.60156581 
   1.25000000  -2.40000000  -1.60145019 
   1.25000000  -2.45000000  -1.60135098 
   1.25000000  -2.50000000  -1.60126586 
   1.25000000  -2.55000000  -1.60119268 
   1.25000000  -2.60000000  -1.60112947 
   1.25000000  -2.65000000  -1.60107192 
   1.25000000  -2.70000000  -1.60102348 
   1.25000000  -2.75000000  -1.60098107 
   1.25000000  -2.80000000  -1.60094368 
   1.25000000  -2.85000000  -1.60091080 
   1.25000000  -2.90000000  -1.60088204 
   1.25000000  -2.95000000  -1.60085697 
   1.25000000  -3.00000000  -1.60083511 
   1.30000000  -0.50000000  -1.58522002 
   1.30000000  -0.55000000  -1.61926800 
   1.30000000  -0.60000000  -1.64144568 
   1.30000000  -0.65000000  -1.65521742 
   1.30000000  -0.70000000  -1.66298201 
   1.30000000  -0.75000000  -1.66643849 
   1.30000000  -0.80000000  -1.66681296 
   1.30000000  -0.85000000  -1.66500489 
   1.30000000  -0.90000000  -1.66168065 
   1.30000000  -0.95000000  -1.65735381 
   1.30000000  -1.00000000  -1.65240653 
   1.30000000  -1.05000000  -1.64713489 
   1.30000000  -1.10000000  -1.64176576 
   1.30000000  -1.15000000  -1.63647270 
   1.30000000  -1.20000000  -1.63138206 
   1.30000000  -1.25000000  -1.62658597 
   1.30000000  -1.30000000  -1.62214494 
   1.30000000  -1.35000000  -1.61809429 
   1.30000000  -1.40000000  -1.61444856 
   1.30000000  -1.45000000  -1.61120574 
   1.30000000  -1.50000000  -1.60835216 
   1.30000000  -1.55000000  -1.60586460 
   1.30000000  -1.60000000  -1.60371478 
   1.30000000  -1.65000000  -1.60187072 
   1.30000000  -1.70000000  -1.60030459 
   1.30000000  -1.75000000  -1.59896640 
   1.30000000  -1.80000000  -1.59784220 
   1.30000000  -1.85000000  -1.59689293 
   1.30000000  -1.90000000  -1.59610201 
   1.30000000  -1.95000000  -1.59544010 
   1.30000000  -2.00000000  -1.59488642 
   1.30000000  -2.05000000  -1.59442314 
   1.30000000  -2.10000000  -1.59404559 
   1.30000000  -2.15000000  -1.59371773 
   1.30000000  -2.20000000  -1.59344297 
   1.30000000  -2.25000000  -1.59321070 
   1.30000000  -2.30000000  -1.59301455 
   1.30000000  -2.35000000  -1.59284309 
   1.30000000  -2.40000000  -1.59270763 
   1.30000000  -2.45000000  -1.59258128 
   1.30000000  -2.50000000  -1.59247943 
   1.30000000  -2.55000000  -1.59239135 
   1.30000000  -2.60000000  -1.59231557 
   1.30000000  -2.65000000  -1.59225004 
   1.30000000  -2.70000000  -1.59219019 
   1.30000000  -2.75000000  -1.59214008 
   1.30000000  -2.80000000  -1.59209649 
   1.30000000  -2.85000000  -1.59205847 
   1.30000000  -2.90000000  -1.59202539 
   1.30000000  -2.95000000  -1.59199669 
   1.30000000  -3.00000000  -1.59197177 
   1.35000000  -0.50000000  -1.58711155 
   1.35000000  -0.55000000  -1.62092850 
   1.35000000  -0.60000000  -1.64285950 
   1.35000000  -0.65000000  -1.65636764 
   1.35000000  -0.70000000  -1.66385043 
   1.35000000  -0.75000000  -1.66700560 
   1.35000000  -0.80000000  -1.66705795 
   1.35000000  -0.85000000  -1.66490564 
   1.35000000  -0.90000000  -1.66121366 
   1.35000000  -0.95000000  -1.65649547 
   1.35000000  -1.00000000  -1.65113339 
   1.35000000  -1.05000000  -1.64542514 
   1.35000000  -1.10000000  -1.63960175 
   1.35000000  -1.15000000  -1.63383943 
   1.35000000  -1.20000000  -1.62827330 
   1.35000000  -1.25000000  -1.62300195 
   1.35000000  -1.30000000  -1.61809321 
   1.35000000  -1.35000000  -1.61358901 
   1.35000000  -1.40000000  -1.60950946 
   1.35000000  -1.45000000  -1.60585677 
   1.35000000  -1.50000000  -1.60261996 
   1.35000000  -1.55000000  -1.59977806 
   1.35000000  -1.60000000  -1.59730347 
   1.35000000  -1.65000000  -1.59516425 
   1.35000000  -1.70000000  -1.59333160 
   1.35000000  -1.75000000  -1.59175732 
   1.35000000  -1.80000000  -1.59042110 
   1.35000000  -1.85000000  -1.58928154 
   1.35000000  -1.90000000  -1.58832618 
   1.35000000  -1.95000000  -1.58752141 
   1.35000000  -2.00000000  -1.58684414 
   1.35000000  -2.05000000  -1.58627462 
   1.35000000  -2.10000000  -1.58579577 
   1.35000000  -2.15000000  -1.58539301 
   1.35000000  -2.20000000  -1.58506630 
   1.35000000  -2.25000000  -1.58477792 
   1.35000000  -2.30000000  -1.58453554 
   1.35000000  -2.35000000  -1.58432874 
   1.35000000  -2.40000000  -1.58414777 
   1.35000000  -2.45000000  -1.58400889 
   1.35000000  -2.50000000  -1.58387424 
   1.35000000  -2.55000000  -1.58376948 
   1.35000000  -2.60000000  -1.58367821 
   1.35000000  -2.65000000  -1.58359928 
   1.35000000  -2.70000000  -1.58352678 
   1.35000000  -2.75000000  -1.58347335 
   1.35000000  -2.80000000  -1.58341743 
   1.35000000  -2.85000000  -1.58337268 
   1.35000000  -2.90000000  -1.58333433 
   1.35000000  -2.95000000  -1.58330126 
   1.35000000  -3.00000000  -1.58327265 
   1.40000000  -0.50000000  -1.58876223 
   1.40000000  -0.55000000  -1.62238098 
   1.40000000  -0.60000000  -1.64410025 
   1.40000000  -0.65000000  -1.65738195 
   1.40000000  -0.70000000  -1.66462237 
   1.40000000  -0.75000000  -1.66751796 
   1.40000000  -0.80000000  -1.66729212 
   1.40000000  -0.85000000  -1.66484154 
   1.40000000  -0.90000000  -1.66082960 
   1.40000000  -0.95000000  -1.65576870 
   1.40000000  -1.00000000  -1.65004050 
   1.40000000  -1.05000000  -1.64394310 
   1.40000000  -1.10000000  -1.63770951 
   1.40000000  -1.15000000  -1.63151959 
   1.40000000  -1.20000000  -1.62551389 
   1.40000000  -1.25000000  -1.61979777 
   1.40000000  -1.30000000  -1.61444626 
   1.40000000  -1.35000000  -1.60950825 
   1.40000000  -1.40000000  -1.60500981 
   1.40000000  -1.45000000  -1.60095788 
   1.40000000  -1.50000000  -1.59734469 
   1.40000000  -1.55000000  -1.59415170 
   1.40000000  -1.60000000  -1.59135239 
   1.40000000  -1.65000000  -1.58891517 
   1.40000000  -1.70000000  -1.58681020 
   1.40000000  -1.75000000  -1.58499487 
   1.40000000  -1.80000000  -1.58343525 
   1.40000000  -1.85000000  -1.58212467 
   1.40000000  -1.90000000  -1.58096117 
   1.40000000  -1.95000000  -1.57999795 
   1.40000000  -2.00000000  -1.57918186 
   1.40000000  -2.05000000  -1.57849024 
   1.40000000  -2.10000000  -1.57790473 
   1.40000000  -2.15000000  -1.57740918 
   1.40000000  -2.20000000  -1.57698976 
   1.40000000  -2.25000000  -1.57665191 
   1.40000000  -2.30000000  -1.57633363 
   1.40000000  -2.35000000  -1.57608985 
   1.40000000  -2.40000000  -1.57587235 
   1.40000000  -2.45000000  -1.57567703 
   1.40000000  -2.50000000  -1.57552041 
   1.40000000  -2.55000000  -1.57538361 
   1.40000000  -2.60000000  -1.57527647 
   1.40000000  -2.65000000  -1.57518041 
   1.40000000  -2.70000000  -1.57509612 
   1.40000000  -2.75000000  -1.57501633 
   1.40000000  -2.80000000  -1.57496391 
   1.40000000  -2.85000000  -1.57490220 
   1.40000000  -2.90000000  -1.57485604 
   1.40000000  -2.95000000  -1.57481746 
   1.40000000  -3.00000000  -1.57478417 
   1.45000000  -0.50000000  -1.59020488 
   1.45000000  -0.55000000  -1.62365403 
   1.45000000  -0.60000000  -1.64519209 
   1.45000000  -0.65000000  -1.65827986 
   1.45000000  -0.70000000  -1.66531253 
   1.45000000  -0.75000000  -1.66798536 
   1.45000000  -0.80000000  -1.66752039 
   1.45000000  -0.85000000  -1.66481282 
   1.45000000  -0.90000000  -1.66052883 
   1.45000000  -0.95000000  -1.65516584 
   1.45000000  -1.00000000  -1.64911752 
   1.45000000  -1.05000000  -1.64267730 
   1.45000000  -1.10000000  -1.63607782 
   1.45000000  -1.15000000  -1.62950226 
   1.45000000  -1.20000000  -1.62309512 
   1.45000000  -1.25000000  -1.61696772 
   1.45000000  -1.30000000  -1.61120209 
   1.45000000  -1.35000000  -1.60585422 
   1.45000000  -1.40000000  -1.60095659 
   1.45000000  -1.45000000  -1.59652135 
   1.45000000  -1.50000000  -1.59254440 
   1.45000000  -1.55000000  -1.58900991 
   1.45000000  -1.60000000  -1.58589267 
   1.45000000  -1.65000000  -1.58316169 
   1.45000000  -1.70000000  -1.58078632 
   1.45000000  -1.75000000  -1.57872453 
   1.45000000  -1.80000000  -1.57694446 
   1.45000000  -1.85000000  -1.57543121 
   1.45000000  -1.90000000  -1.57411438 
   1.45000000  -1.95000000  -1.57298829 
   1.45000000  -2.00000000  -1.57202373 
   1.45000000  -2.05000000  -1.57119885 
   1.45000000  -2.10000000  -1.57049368 
   1.45000000  -2.15000000  -1.56989110 
   1.45000000  -2.20000000  -1.56937616 
   1.45000000  -2.25000000  -1.56893600 
   1.45000000  -2.30000000  -1.56855950 
   1.45000000  -2.35000000  -1.56823723 
   1.45000000  -2.40000000  -1.56796122 
   1.45000000  -2.45000000  -1.56771079 
   1.45000000  -2.50000000  -1.56750847 
   1.45000000  -2.55000000  -1.56733178 
   1.45000000  -2.60000000  -1.56719735 
   1.45000000  -2.65000000  -1.56706884 
   1.45000000  -2.70000000  -1.56695041 
   1.45000000  -2.75000000  -1.56686624 
   1.45000000  -2.80000000  -1.56677492 
   1.45000000  -2.85000000  -1.56669938 
   1.45000000  -2.90000000  -1.56664199 
   1.45000000  -2.95000000  -1.56659247 
   1.45000000  -3.00000000  -1.56655150 
   1.50000000  -0.50000000  -1.59146701 
   1.50000000  -0.55000000  -1.62477127 
   1.50000000  -0.60000000  -1.64615454 
   1.50000000  -0.65000000  -1.65907663 
   1.50000000  -0.70000000  -1.66593170 
   1.50000000  -0.75000000  -1.66841398 
   1.50000000  -0.80000000  -1.66774426 
   1.50000000  -0.85000000  -1.66481632 
   1.50000000  -0.90000000  -1.66029469 
   1.50000000  -0.95000000  -1.65467509 
   1.50000000  -1.00000000  -1.64834909 
   1.50000000  -1.05000000  -1.64160932 
   1.50000000  -1.10000000  -1.63468759 
   1.50000000  -1.15000000  -1.62776822 
   1.50000000  -1.20000000  -1.62099865 
   1.50000000  -1.25000000  -1.61449521 
   1.50000000  -1.30000000  -1.60834649 
   1.50000000  -1.35000000  -1.60261566 
   1.50000000  -1.40000000  -1.59734195 
   1.50000000  -1.45000000  -1.59254319 
   1.50000000  -1.50000000  -1.58821934 
   1.50000000  -1.55000000  -1.58435793 
   1.50000000  -1.60000000  -1.58093505 
   1.50000000  -1.65000000  -1.57792050 
   1.50000000  -1.70000000  -1.57528318 
   1.50000000  -1.75000000  -1.57298149 
   1.50000000  -1.80000000  -1.57098240 
   1.50000000  -1.85000000  -1.56925144 
   1.50000000  -1.90000000  -1.56777470 
   1.50000000  -1.95000000  -1.56648291 
   1.50000000  -2.00000000  -1.56537181 
   1.50000000  -2.05000000  -1.56441410 
   1.50000000  -2.10000000  -1.56358928 
   1.50000000  -2.15000000  -1.56287881 
   1.50000000  -2.20000000  -1.56226666 
   1.50000000  -2.25000000  -1.56173882 
   1.50000000  -2.30000000  -1.56128323 
   1.50000000  -2.35000000  -1.56087248 
   1.50000000  -2.40000000  -1.56056001 
   1.50000000  -2.45000000  -1.56023916 
   1.50000000  -2.50000000  -1.55999581 
   1.50000000  -2.55000000  -1.55977947 
   1.50000000  -2.60000000  -1.55958967 
   1.50000000  -2.65000000  -1.55942443 
   1.50000000  -2.70000000  -1.55928055 
   1.50000000  -2.75000000  -1.55915489 
   1.50000000  -2.80000000  -1.55902992 
   1.50000000  -2.85000000  -1.55895699 
   1.50000000  -2.90000000  -1.55885347 
   1.50000000  -2.95000000  -1.55878294 
   1.50000000  -3.00000000  -1.55872396 
